Tableau du simplexe :
    Base       x1       x2       s1       s2       s3        b
      s1     1,00     1,00     1,00     0,00     0,00     5,00 
      s2    10,00     6,00     0,00     1,00     0,00    45,00 
      s3     1,00     0,00     0,00     0,00     1,00     3,00 
       z     5,00     4,00     0,00     0,00     0,00     0,00 

Tableau du simplexe :
    Base       x1       x2       s1       s2       s3        b
      s1     0,00     1,00     1,00     0,00    -1,00     2,00 
      s2     0,00     6,00     0,00     1,00   -10,00    15,00 
      x1     1,00     0,00     0,00     0,00     1,00     3,00 
       z     0,00     4,00     0,00     0,00    -5,00   -15,00 

Tableau du simplexe :
    Base       x1       x2       s1       s2       s3        b
      x2     0,00     1,00     1,00     0,00    -1,00     2,00 
      s2     0,00     0,00    -6,00     1,00    -4,00     3,00 
      x1     1,00     0,00     0,00     0,00     1,00     3,00 
       z     0,00     0,00    -4,00     0,00    -1,00   -23,00 

Tableau du simplexe :
    Base       x1       x2       s1       s2       s3        b
      x2     0,00     1,00     1,00     0,00    -1,00     2,00 
      s2     0,00     0,00    -6,00     1,00    -4,00     3,00 
      x1     1,00     0,00     0,00     0,00     1,00     3,00 
       z     0,00     0,00    -4,00     0,00    -1,00   -23,00 

Résultat du simplexe:
x1 = 3.0
x2 = 2.0
Valeur optimale : 23.0
