Tableau du simplexe :
    Base       x1       x2       x3       s1       s2       s3       a1       a2        b
      s1     1,00     1,00     1,00     1,00     0,00     0,00     0,00     0,00    40,00 
      a1     2,00     1,00    -1,00     0,00    -1,00     0,00     1,00     0,00    10,00 
      a2     0,00    -1,00     1,00     0,00     0,00    -1,00     0,00     1,00    10,00 
       z     2,00     0,00     0,00     0,00    -1,00    -1,00     0,00     0,00    20,00 

Tableau du simplexe :
    Base       x1       x2       x3       s1       s2       s3       a1       a2        b
      s1     0,00     0,50     1,50     1,00     0,50     0,00    -0,50     0,00    35,00 
      x1     1,00     0,50    -0,50     0,00    -0,50     0,00     0,50     0,00     5,00 
      a2     0,00    -1,00     1,00     0,00     0,00    -1,00     0,00     1,00    10,00 
       z     0,00    -1,00     1,00     0,00     0,00    -1,00    -1,00     0,00    10,00 

Tableau du simplexe :
    Base       x1       x2       x3       s1       s2       s3       a1       a2        b
      s1     0,00     2,00     0,00     1,00     0,50     1,50    -0,50    -1,50    20,00 
      x1     1,00     0,00     0,00     0,00    -0,50    -0,50     0,50     0,50    10,00 
      x3     0,00    -1,00     1,00     0,00     0,00    -1,00     0,00     1,00    10,00 
       z     0,00     0,00     0,00     0,00     0,00     0,00    -1,00    -1,00     0,00 

Tableau du simplexe :
    Base       x1       x2       x3       s1       s2       s3        b
      s1     0,00     2,00     0,00     1,00     0,50     1,50    20,00 
      x1     1,00     0,00     0,00     0,00    -0,50    -0,50    10,00 
      x3     0,00    -1,00     1,00     0,00     0,00    -1,00    10,00 
       z     0,00     4,00     0,00     0,00     1,00     2,00   -30,00 

Tableau du simplexe :
    Base       x1       x2       x3       s1       s2       s3        b
      x2     0,00     1,00     0,00     0,50     0,25     0,75    10,00 
      x1     1,00     0,00     0,00     0,00    -0,50    -0,50    10,00 
      x3     0,00     0,00     1,00     0,50     0,25    -0,25    20,00 
       z     0,00     0,00     0,00    -2,00     0,00    -1,00   -70,00 

Tableau du simplexe :
    Base       x1       x2       x3       s1       s2       s3        b
      x2     0,00     1,00     0,00     0,50     0,25     0,75    10,00 
      x1     1,00     0,00     0,00     0,00    -0,50    -0,50    10,00 
      x3     0,00     0,00     1,00     0,50     0,25    -0,25    20,00 
       z     0,00     0,00     0,00    -2,00     0,00    -1,00   -70,00 

Résultat du simplexe:
x1 = 10.0
x2 = 10.0
x3 = 20.0
Valeur optimale : 70.0
